ind,pop,K1,K2,K3,K4,K5,K6,K7
CBI_10,CBI,0.000010,0.502841,0.000010,0.497109,0.000010,0.000010,0.000010
CBI_12,CBI,0.000020,0.999930,0.000010,0.000010,0.000010,0.000010,0.000010
CBI_13,CBI,0.000016,0.944723,0.000010,0.000010,0.000010,0.055220,0.000010
CBI_15,CBI,0.000010,0.999940,0.000010,0.000010,0.000010,0.000010,0.000010
CBI_02,CBI,0.000010,0.999940,0.000010,0.000010,0.000010,0.000010,0.000010
CBI_03,CBI,0.000010,0.999931,0.000019,0.000010,0.000010,0.000010,0.000010
CBI_05,CBI,0.000010,0.999930,0.000010,0.000019,0.000010,0.000011,0.000010
CBI_08,CBI,0.000019,0.999913,0.000019,0.000010,0.000010,0.000019,0.000010
CHL_01,CHL,0.000010,0.009292,0.000010,0.000010,0.000010,0.990658,0.000010
CHL_04,CHL,0.000016,0.000010,0.000010,0.000010,0.000010,0.999934,0.000010
CHL_06,CHL,0.000011,0.000010,0.000010,0.000019,0.000010,0.999929,0.000010
CHL_07,CHL,0.000011,0.000010,0.000010,0.000010,0.000010,0.999939,0.000010
CHL_08,CHL,0.000010,0.000010,0.000010,0.000010,0.000011,0.999939,0.000010
CHL_12,CHL,0.000015,0.024252,0.000010,0.000010,0.000010,0.975693,0.000010
CHL_13,CHL,0.000019,0.000010,0.005699,0.000010,0.000010,0.992741,0.001511
CLK_10,CLK,0.000010,0.000013,0.000010,0.000011,0.000010,0.000010,0.999936
CLK_11,CLK,0.000010,0.000010,0.049271,0.000010,0.000010,0.000010,0.950679
CLK_12,CLK,0.000016,0.000014,0.000010,0.000010,0.000010,0.000010,0.999930
CLK_13,CLK,0.000010,0.000010,0.000010,0.000010,0.000010,0.000010,0.999940
CLK_14,CLK,0.000018,0.000010,0.000010,0.000010,0.000010,0.000010,0.999932
CLK_01,CLK,0.000017,0.000010,0.000010,0.000010,0.000010,0.000010,0.999933
CLK_02,CLK,0.000010,0.000010,0.023614,0.000013,0.000010,0.000010,0.976333
CLK_03,CLK,0.000010,0.000010,0.000013,0.000017,0.000010,0.000010,0.999931
CLK_04,CLK,0.000016,0.000010,0.022169,0.000010,0.000010,0.000010,0.977775
CLK_05,CLK,0.000015,0.000010,0.000010,0.000015,0.000010,0.000010,0.999930
CLK_06,CLK,0.000013,0.000010,0.024494,0.000010,0.000010,0.000010,0.975453
CLK_07,CLK,0.000012,0.000010,0.000010,0.000010,0.000010,0.000010,0.999938
CLK_08,CLK,0.000010,0.023726,0.056927,0.000010,0.000010,0.000010,0.919307
CLK_09,CLK,0.000010,0.000010,0.000010,0.000010,0.000010,0.000010,0.999940
CPL_10,CPL,0.000010,0.034977,0.000010,0.000017,0.000010,0.782895,0.182081
CPL_11,CPL,0.000010,0.011285,0.000010,0.000010,0.000010,0.424480,0.564195
CPL_12,CPL,0.000010,0.027272,0.000010,0.000010,0.000010,0.735244,0.237445
CPL_13,CPL,0.000010,0.000010,0.000010,0.000010,0.000010,0.738381,0.261569
CPL_14,CPL,0.000010,0.000010,0.000017,0.000010,0.000010,0.722554,0.277389
CPL_15,CPL,0.000010,0.063575,0.000010,0.000010,0.000010,0.410137,0.526248
CPL_01,CPL,0.000010,0.000010,0.000010,0.000010,0.000010,0.922843,0.077107
CPL_02,CPL,0.000011,0.048287,0.000010,0.000010,0.000010,0.809212,0.142459
CPL_03,CPL,0.000010,0.000195,0.000010,0.000011,0.000010,0.864094,0.135670
CPL_04,CPL,0.000012,0.234566,0.000010,0.000010,0.000010,0.539145,0.226247
CPL_05,CPL,0.000010,0.000010,0.000010,0.000010,0.000010,0.858226,0.141724
CPL_07,CPL,0.000010,0.026544,0.000010,0.000010,0.019927,0.885269,0.068231
CPL_08,CPL,0.000010,0.000010,0.000010,0.000010,0.000010,0.826417,0.173533
CPL_09,CPL,0.000010,0.015943,0.000010,0.000012,0.000010,0.858459,0.125556
CYH_10,CYH,0.160325,0.000010,0.001856,0.000010,0.000010,0.000010,0.837778
CYH_11,CYH,0.183222,0.000010,0.110269,0.000010,0.000010,0.000010,0.706469
CYH_12,CYH,0.273209,0.000010,0.164981,0.000010,0.000010,0.000010,0.561770
CYH_13,CYH,0.441964,0.000010,0.296126,0.000010,0.000010,0.000010,0.261870
CYH_15,CYH,0.105175,0.000010,0.026589,0.000010,0.000013,0.000010,0.868193
CYH_01,CYH,0.097104,0.000010,0.220659,0.000012,0.000010,0.000010,0.682195
CYH_02,CYH,0.087086,0.000010,0.276894,0.000014,0.000010,0.000010,0.635976
CYH_03,CYH,0.078133,0.000010,0.054734,0.000010,0.000010,0.000010,0.867092
CYH_05,CYH,0.128445,0.000010,0.029209,0.000013,0.000010,0.000010,0.842302
CYH_06,CYH,0.121120,0.000015,0.240714,0.000010,0.000010,0.000010,0.638120
CYH_09,CYH,0.179539,0.000010,0.057460,0.000010,0.000010,0.000010,0.762961
DCK_01,DCK,0.000010,0.000010,0.000010,0.000010,0.000010,0.000010,0.999940
DCK_02,DCK,0.000013,0.000010,0.000010,0.000010,0.000010,0.000010,0.999937
DCK_03,DCK,0.000010,0.000010,0.000010,0.000010,0.000010,0.000010,0.999940
DCK_04,DCK,0.000010,0.000010,0.000010,0.000010,0.000010,0.000010,0.999940
DCK_05,DCK,0.000017,0.000010,0.019376,0.000011,0.000010,0.000010,0.980565
DCK_06,DCK,0.000017,0.000010,0.000010,0.000010,0.000010,0.000010,0.999933
DCK_07,DCK,0.000011,0.000018,0.000010,0.000013,0.000010,0.000010,0.999927
DCK_09,DCK,0.000010,0.000010,0.034572,0.000010,0.000010,0.000010,0.965378
DCK_10,DCK,0.000014,0.000019,0.000010,0.000010,0.000010,0.000010,0.999927
DCK_11,DCK,0.000010,0.000010,0.000010,0.000010,0.000010,0.000010,0.999940
DCK_12,DCK,0.000010,0.000010,0.000010,0.000010,0.000010,0.000010,0.999940
DCK_13,DCK,0.005616,0.000010,0.000010,0.000010,0.000010,0.000010,0.994334
DCK_15,DCK,0.000010,0.000010,0.000010,0.000018,0.000010,0.000010,0.999932
DPR_01,DPR,0.000017,0.000019,0.000010,0.000010,0.000012,0.999921,0.000010
DPR_02,DPR,0.000010,0.002689,0.000010,0.000010,0.000010,0.997261,0.000010
DPR_04,DPR,0.000017,0.031429,0.000010,0.000010,0.000010,0.968515,0.000010
DPR_05,DPR,0.000010,0.024471,0.000010,0.000010,0.000010,0.975479,0.000010
DPR_06,DPR,0.000010,0.000016,0.000010,0.000010,0.000010,0.999934,0.000010
DPR_07,DPR,0.000010,0.002446,0.000010,0.000010,0.000010,0.997504,0.000010
DPR_08,DPR,0.000019,0.000010,0.000010,0.000010,0.000010,0.999931,0.000010
DPR_09,DPR,0.000010,0.003416,0.000010,0.000017,0.000010,0.996526,0.000010
DPR_10,DPR,0.000012,0.004169,0.000014,0.000012,0.000010,0.995773,0.000010
DPR_11,DPR,0.000010,0.000010,0.000010,0.000014,0.000010,0.999936,0.000010
DPR_12,DPR,0.000010,0.000010,0.000010,0.000010,0.000010,0.999940,0.000010
DPR_13,DPR,0.000011,0.000011,0.000010,0.000010,0.000010,0.999938,0.000010
DPR_14,DPR,0.000010,0.000010,0.000010,0.000010,0.000010,0.999940,0.000010
DPR_15,DPR,0.000010,0.026668,0.000010,0.000010,0.000010,0.973282,0.000010
FIS_10,FIS,0.000010,0.999932,0.000018,0.000010,0.000010,0.000010,0.000010
FIS_11,FIS,0.000010,0.999940,0.000010,0.000010,0.000010,0.000010,0.000010
FIS_12,FIS,0.000010,0.999937,0.000013,0.000010,0.000010,0.000010,0.000010
FIS_14,FIS,0.000012,0.999938,0.000010,0.000010,0.000010,0.000010,0.000010
FIS_15,FIS,0.000010,0.999932,0.000010,0.000010,0.000010,0.000018,0.000010
FIS_01,FIS,0.000010,0.999940,0.000010,0.000010,0.000010,0.000010,0.000010
FIS_04,FIS,0.000010,0.999940,0.000010,0.000010,0.000010,0.000010,0.000010
FIS_05,FIS,0.000010,0.999937,0.000013,0.000010,0.000010,0.000010,0.000010
FIS_06,FIS,0.000010,0.999940,0.000010,0.000010,0.000010,0.000010,0.000010
FNO_10,FNO,0.000010,0.000010,0.267604,0.000010,0.000012,0.000010,0.732344
FNO_11,FNO,0.000010,0.000010,0.999940,0.000010,0.000010,0.000010,0.000010
FNO_12,FNO,0.000010,0.000010,0.466129,0.000010,0.000010,0.000010,0.533821
FNO_13,FNO,0.000010,0.000010,0.538985,0.000010,0.000010,0.000010,0.460965
FNO_14,FNO,0.000010,0.000010,0.999940,0.000010,0.000010,0.000010,0.000010
FNO_15,FNO,0.000010,0.000010,0.818963,0.000010,0.000010,0.000010,0.180987
FNO_01,FNO,0.000010,0.000010,0.999934,0.000013,0.000010,0.000013,0.000010
FNO_02,FNO,0.000010,0.000010,0.999940,0.000010,0.000010,0.000010,0.000010
FNO_03,FNO,0.000010,0.000010,0.243013,0.000012,0.000010,0.000010,0.756935
FNO_04,FNO,0.000010,0.000011,0.261055,0.000010,0.000010,0.000010,0.738894
FNO_05,FNO,0.000010,0.000010,0.999940,0.000010,0.000010,0.000010,0.000010
FNO_06,FNO,0.000010,0.000010,0.999940,0.000010,0.000010,0.000010,0.000010
FNO_07,FNO,0.000010,0.000010,0.999940,0.000010,0.000010,0.000010,0.000010
FNO_08,FNO,0.000010,0.000010,0.999940,0.000010,0.000010,0.000010,0.000010
FNO_09,FNO,0.000010,0.000010,0.227682,0.000010,0.000010,0.000010,0.772268
GAM_10,GAM,0.000013,0.125466,0.000010,0.000010,0.000010,0.646717,0.227774
GAM_11,GAM,0.000010,0.102034,0.000010,0.000010,0.000010,0.734105,0.163822
GAM_12,GAM,0.000011,0.024877,0.000010,0.000010,0.000010,0.746974,0.228107
GAM_13,GAM,0.000010,0.085698,0.000012,0.000016,0.000010,0.824165,0.090089
GAM_14,GAM,0.000010,0.115448,0.000010,0.000010,0.000010,0.783207,0.101305
GAM_15,GAM,0.000010,0.063078,0.000010,0.000010,0.000010,0.936872,0.000010
GAM_01,GAM,0.000015,0.009493,0.000010,0.000010,0.000010,0.877418,0.113044
GAM_02,GAM,0.000011,0.006579,0.000010,0.000010,0.000010,0.897339,0.096040
GAM_03,GAM,0.000010,0.044075,0.000012,0.000010,0.000010,0.779185,0.176697
GAM_04,GAM,0.000011,0.029618,0.000010,0.000010,0.000010,0.916401,0.053940
GAM_05,GAM,0.000010,0.067600,0.000010,0.000014,0.000010,0.729554,0.202802
GAM_06,GAM,0.000010,0.041648,0.000019,0.000011,0.000010,0.744102,0.214200
GAM_07,GAM,0.000018,0.029625,0.000010,0.000010,0.000010,0.720813,0.249514
GAM_08,GAM,0.000010,0.019103,0.000014,0.000010,0.000010,0.749521,0.231332
GAM_09,GAM,0.000010,0.097166,0.000010,0.000010,0.000010,0.740248,0.162546
HBY_01,HBY,0.009390,0.000010,0.026779,0.000010,0.000010,0.000010,0.963791
HBY_02,HBY,0.001167,0.000010,0.031305,0.000010,0.000010,0.000010,0.967488
HBY_03,HBY,0.000010,0.000010,0.000010,0.000010,0.000010,0.000010,0.999940
HBY_04,HBY,0.006896,0.000014,0.062992,0.000010,0.000010,0.000010,0.930068
HBY_05,HBY,0.000011,0.000010,0.000010,0.000010,0.000010,0.000010,0.999939
HBY_06,HBY,0.000010,0.000010,0.000010,0.000010,0.000010,0.000010,0.999940
HBY_07,HBY,0.000010,0.000010,0.045351,0.000012,0.000010,0.000010,0.954597
HBY_08,HBY,0.014316,0.000010,0.383823,0.000010,0.000010,0.000010,0.601820
HBY_09,HBY,0.023072,0.000010,0.000010,0.000015,0.000010,0.000010,0.976873
HBY_10,HBY,0.000010,0.000010,0.345618,0.000015,0.000010,0.000010,0.654327
HBY_11,HBY,0.000010,0.000010,0.164923,0.000010,0.000010,0.000010,0.835027
HBY_12,HBY,0.000010,0.000010,0.225477,0.000010,0.000010,0.000010,0.774473
HBY_13,HBY,0.000013,0.000010,0.000010,0.000010,0.000010,0.000010,0.999937
HBY_14,HBY,0.010098,0.000010,0.213086,0.000010,0.000010,0.000010,0.776776
HBY_15,HBY,0.000010,0.006535,0.025138,0.000010,0.000010,0.000010,0.968287
HST_01,HST,0.000010,0.000010,0.000010,0.000018,0.000010,0.580822,0.419120
HST_02,HST,0.000012,0.000014,0.000011,0.000010,0.000010,0.360089,0.639855
HST_03,HST,0.000010,0.000010,0.000010,0.000010,0.000010,0.362925,0.637025
HST_04,HST,0.000011,0.000010,0.000010,0.000010,0.000010,0.386500,0.613450
HST_05,HST,0.000012,0.003765,0.000010,0.000010,0.000010,0.469045,0.527148
HST_07,HST,0.000010,0.000010,0.000010,0.000010,0.000010,0.453624,0.546326
HST_08,HST,0.000010,0.000017,0.000010,0.000010,0.000010,0.404055,0.595888
HST_09,HST,0.000010,0.041411,0.000010,0.000010,0.000010,0.567119,0.391430
HST_10,HST,0.000010,0.000010,0.000010,0.000010,0.000010,0.334546,0.665404
HST_12,HST,0.000010,0.020927,0.000010,0.000010,0.000010,0.611200,0.367833
HST_14,HST,0.000010,0.000016,0.000010,0.000010,0.000010,0.383077,0.616867
HST_15,HST,0.000018,0.000014,0.000010,0.000010,0.000010,0.317343,0.682595
HWK_10,HWK,0.000010,0.999940,0.000010,0.000010,0.000010,0.000010,0.000010
HWK_11,HWK,0.000012,0.999931,0.000014,0.000013,0.000010,0.000010,0.000010
HWK_12,HWK,0.000011,0.999938,0.000010,0.000010,0.000011,0.000010,0.000010
HWK_13,HWK,0.000010,0.999940,0.000010,0.000010,0.000010,0.000010,0.000010
HWK_14,HWK,0.000010,0.999940,0.000010,0.000010,0.000010,0.000010,0.000010
HWK_01,HWK,0.000010,0.999939,0.000011,0.000010,0.000010,0.000010,0.000010
HWK_04,HWK,0.000010,0.999940,0.000010,0.000010,0.000010,0.000010,0.000010
HWK_05,HWK,0.000010,0.999940,0.000010,0.000010,0.000010,0.000010,0.000010
HWK_07,HWK,0.000010,0.999940,0.000010,0.000010,0.000010,0.000010,0.000010
HWK_08,HWK,0.000010,0.999936,0.000010,0.000014,0.000010,0.000010,0.000010
JKH_01,JKH,0.999940,0.000010,0.000010,0.000010,0.000010,0.000010,0.000010
JKH_05,JKH,0.882145,0.000010,0.000010,0.000010,0.000010,0.000010,0.117805
JKH_06,JKH,0.869859,0.000016,0.000010,0.000010,0.000010,0.000010,0.130084
JKH_07,JKH,0.876836,0.000010,0.000010,0.000010,0.000010,0.000010,0.123114
JKH_08,JKH,0.921789,0.000010,0.000011,0.000010,0.000010,0.000010,0.078160
JKH_10,JKH,0.880286,0.000010,0.000010,0.000010,0.000010,0.000010,0.119664
JKH_11,JKH,0.898529,0.000010,0.000010,0.000010,0.000010,0.000010,0.101421
JKH_12,JKH,0.913116,0.000012,0.000010,0.000010,0.000010,0.000010,0.086832
JKH_13,JKH,0.883629,0.000010,0.000010,0.000010,0.000010,0.000010,0.116321
JKH_14,JKH,0.834896,0.000010,0.000010,0.000010,0.000010,0.000010,0.165054
JKH_15,JKH,0.829742,0.000010,0.000010,0.000010,0.000010,0.000010,0.170208
KAP_10,KAP,0.000016,0.009640,0.000010,0.000010,0.000010,0.656786,0.333528
KAP_11,KAP,0.000012,0.008990,0.000010,0.000010,0.000010,0.599112,0.391857
KAP_14,KAP,0.000010,0.000010,0.000016,0.000010,0.000010,0.681636,0.318308
KAP_01,KAP,0.000010,0.003308,0.000010,0.000010,0.000010,0.607538,0.389113
KAP_02,KAP,0.000010,0.000010,0.000010,0.000010,0.000010,0.730639,0.269311
KAP_03,KAP,0.000010,0.015475,0.000010,0.000010,0.000010,0.808729,0.175755
KAP_04,KAP,0.000017,0.016413,0.000010,0.000010,0.000010,0.769776,0.213764
KAP_05,KAP,0.000010,0.000010,0.000010,0.000010,0.000010,0.627658,0.372292
KAP_06,KAP,0.000011,0.000010,0.000010,0.000010,0.000010,0.408057,0.591891
KAP_07,KAP,0.000010,0.026764,0.000010,0.000010,0.000010,0.655124,0.318073
KAP_08,KAP,0.000014,0.017936,0.000010,0.000010,0.000010,0.325157,0.656862
KAP_09,KAP,0.000011,0.758645,0.000010,0.000010,0.000010,0.163436,0.077879
LON_10,LON,0.000011,0.000010,0.000012,0.000010,0.000010,0.999937,0.000010
LON_11,LON,0.000011,0.000010,0.000010,0.000010,0.000010,0.999939,0.000010
LON_02,LON,0.000010,0.000010,0.000010,0.000014,0.000010,0.999936,0.000010
LON_03,LON,0.000010,0.000010,0.000017,0.000014,0.000010,0.995075,0.004864
LON_05,LON,0.000010,0.000016,0.000010,0.000010,0.000010,0.999934,0.000010
LON_06,LON,0.000010,0.000010,0.000017,0.000010,0.000010,0.999933,0.000010
LON_07,LON,0.000010,0.000010,0.000010,0.000010,0.000010,0.999940,0.000010
LON_08,LON,0.000016,0.000010,0.000010,0.000012,0.000010,0.999933,0.000010
LON_09,LON,0.000010,0.000010,0.000010,0.000010,0.000010,0.999940,0.000010
LPD_02,LPD,0.000015,0.002822,0.000016,0.000014,0.000010,0.997113,0.000010
LPD_03,LPD,0.000010,0.000010,0.000010,0.000010,0.000010,0.999940,0.000010
LPD_04,LPD,0.000010,0.000015,0.000010,0.000010,0.000010,0.999935,0.000010
LPD_05,LPD,0.000013,0.007832,0.000010,0.000010,0.000010,0.992116,0.000010
LPD_06,LPD,0.000010,0.000010,0.000010,0.000010,0.000010,0.999940,0.000010
LPD_07,LPD,0.000010,0.000680,0.000010,0.000013,0.000010,0.999267,0.000010
LPD_09,LPD,0.000010,0.000011,0.000010,0.000011,0.000010,0.999938,0.000010
LPD_11,LPD,0.000010,0.000010,0.000010,0.000010,0.000010,0.999940,0.000010
LPD_12,LPD,0.000010,0.000010,0.000017,0.000010,0.000010,0.999933,0.000010
LPD_13,LPD,0.000010,0.000010,0.000010,0.000010,0.000010,0.999940,0.000010
LPD_14,LPD,0.000011,0.000010,0.000010,0.000012,0.000010,0.999937,0.000010
LPD_15,LPD,0.000011,0.010163,0.000010,0.000010,0.000010,0.989787,0.000010
LSM_01,LSM,0.547267,0.000010,0.000014,0.452680,0.000010,0.000010,0.000010
LSM_02,LSM,0.000010,0.000010,0.000010,0.999940,0.000010,0.000010,0.000010
MBK_11,MBK,0.000010,0.999936,0.000014,0.000010,0.000010,0.000010,0.000010
MBK_12,MBK,0.000010,0.999940,0.000010,0.000010,0.000010,0.000010,0.000010
MBK_13,MBK,0.000010,0.999940,0.000010,0.000010,0.000010,0.000010,0.000010
MBK_14,MBK,0.000010,0.999940,0.000010,0.000010,0.000010,0.000010,0.000010
MBK_15,MBK,0.000010,0.999940,0.000010,0.000010,0.000010,0.000010,0.000010
MBK_05,MBK,0.000010,0.999940,0.000010,0.000010,0.000010,0.000010,0.000010
MBK_07,MBK,0.000010,0.999940,0.000010,0.000010,0.000010,0.000010,0.000010
MBK_08,MBK,0.000010,0.999940,0.000010,0.000010,0.000010,0.000010,0.000010
MBK_09,MBK,0.000010,0.999940,0.000010,0.000010,0.000010,0.000010,0.000010
MBK_01,MBK,0.000010,0.999938,0.000012,0.000010,0.000010,0.000010,0.000010
MBK_02,MBK,0.000010,0.999940,0.000010,0.000010,0.000010,0.000010,0.000010
MBK_04,MBK,0.000010,0.999940,0.000010,0.000010,0.000010,0.000010,0.000010
MMT_01,MMT,0.000010,0.000010,0.000010,0.000011,0.000010,0.000010,0.999939
MMT_02,MMT,0.000010,0.000010,0.000010,0.000010,0.000010,0.000010,0.999940
MMT_03,MMT,0.000010,0.000010,0.000010,0.000010,0.000010,0.002666,0.997284
MMT_04,MMT,0.000010,0.000010,0.000010,0.000010,0.000010,0.000010,0.999940
MMT_05,MMT,0.000010,0.000010,0.000010,0.000010,0.000010,0.000010,0.999940
MMT_06,MMT,0.000010,0.000010,0.000010,0.000010,0.000010,0.000010,0.999940
MMT_08,MMT,0.000013,0.000013,0.000010,0.000012,0.000010,0.000010,0.999932
MMT_09,MMT,0.000338,0.000010,0.000010,0.000010,0.000010,0.000010,0.999612
MMT_10,MMT,0.000010,0.000010,0.000010,0.000010,0.000010,0.000010,0.999940
MMT_11,MMT,0.000010,0.000010,0.000010,0.000010,0.000010,0.000010,0.999940
MMT_12,MMT,0.000012,0.000010,0.000010,0.000010,0.000010,0.000010,0.999938
MMT_14,MMT,0.000010,0.000010,0.000010,0.000010,0.000010,0.000010,0.999940
MMT_15,MMT,0.000010,0.000010,0.000010,0.000010,0.000010,0.000010,0.999940
MMT_16,MMT,0.000012,0.000011,0.000010,0.000011,0.000010,0.000010,0.999935
MSG_04,MSG,0.839549,0.000010,0.000010,0.000010,0.000010,0.000010,0.160401
MSG_05,MSG,0.917432,0.000010,0.000010,0.000010,0.000010,0.000010,0.082518
MSG_06,MSG,0.916075,0.000010,0.000010,0.000014,0.000010,0.000010,0.083871
MSG_09,MSG,0.743869,0.000010,0.000010,0.000010,0.000010,0.000010,0.256081
MSG_10,MSG,0.733532,0.000010,0.000010,0.000010,0.000010,0.000010,0.266418
MSG_11,MSG,0.657312,0.000010,0.000010,0.000010,0.000010,0.000010,0.342638
MSG_12,MSG,0.775906,0.000010,0.000010,0.000010,0.000010,0.000010,0.224044
MSG_13,MSG,0.750292,0.005126,0.000010,0.000010,0.000010,0.000010,0.244542
MSG_14,MSG,0.790310,0.000010,0.000010,0.000010,0.000010,0.000010,0.209640
MSG_15,MSG,0.691848,0.000010,0.000010,0.000011,0.000010,0.000010,0.308101
NBY_10,NBY,0.000010,0.027145,0.000010,0.000010,0.000010,0.859872,0.112942
NBY_14,NBY,0.000010,0.000010,0.000010,0.000010,0.000010,0.999940,0.000010
NBY_15,NBY,0.000016,0.039853,0.000010,0.000010,0.000010,0.960091,0.000010
NBY_02,NBY,0.000010,0.028674,0.000010,0.000013,0.000010,0.901981,0.069302
NBY_03,NBY,0.000010,0.000010,0.000010,0.536327,0.000010,0.463623,0.000010
NBY_04,NBY,0.000010,0.000010,0.000010,0.000010,0.000010,0.905315,0.094635
NBY_05,NBY,0.000012,0.000010,0.000010,0.000010,0.000010,0.999938,0.000010
NBY_06,NBY,0.000010,0.030255,0.000010,0.000016,0.000010,0.969690,0.000010
NBY_07,NBY,0.000010,0.733155,0.000011,0.000010,0.000010,0.266794,0.000010
NBY_08,NBY,0.000013,0.030445,0.000010,0.000010,0.000010,0.929588,0.039923
NBY_09,NBY,0.000010,0.034128,0.000010,0.000010,0.000010,0.902209,0.063623
NEG_10,NEG,0.000010,0.000010,0.000010,0.000010,0.999940,0.000010,0.000010
NEG_11,NEG,0.000010,0.000010,0.000010,0.000010,0.999937,0.000013,0.000010
NEG_12,NEG,0.000010,0.000013,0.000010,0.000010,0.999934,0.000013,0.000010
NEG_13,NEG,0.000010,0.000010,0.000010,0.000010,0.999939,0.000011,0.000010
NEG_14,NEG,0.000010,0.000010,0.000010,0.000010,0.999940,0.000010,0.000010
NEG_15,NEG,0.000010,0.000011,0.000010,0.000010,0.999935,0.000014,0.000010
NEG_01,NEG,0.000010,0.785965,0.000010,0.000010,0.000010,0.213985,0.000010
NEG_02,NEG,0.000010,0.000010,0.000016,0.000010,0.999934,0.000010,0.000010
NEG_03,NEG,0.000010,0.000010,0.000010,0.000010,0.999940,0.000010,0.000010
NEG_04,NEG,0.000010,0.000013,0.000010,0.000010,0.999933,0.000014,0.000010
NEG_05,NEG,0.000010,0.000010,0.000010,0.000010,0.999940,0.000010,0.000010
NEG_06,NEG,0.000010,0.000010,0.000012,0.000010,0.999936,0.000011,0.000010
NEG_07,NEG,0.000010,0.000010,0.000010,0.000010,0.999940,0.000010,0.000010
NEG_08,NEG,0.000010,0.000010,0.000010,0.000010,0.999939,0.000011,0.000010
NEG_09,NEG,0.000010,0.000016,0.000010,0.000010,0.999934,0.000010,0.000010
NIC_01,NIC,0.000013,0.000010,0.000010,0.000010,0.000010,0.999937,0.000010
NIC_02,NIC,0.000010,0.000010,0.000010,0.000010,0.000010,0.995275,0.004674
OFR_01,OFR,0.014432,0.000010,0.000010,0.000010,0.000010,0.000010,0.985518
OFR_02,OFR,0.011239,0.000010,0.015178,0.000010,0.000010,0.000010,0.973542
OFR_03,OFR,0.006443,0.000010,0.012521,0.000010,0.000010,0.000010,0.980997
OFR_04,OFR,0.036661,0.000010,0.013583,0.000010,0.000010,0.000010,0.949716
OFR_05,OFR,0.017478,0.000010,0.000010,0.000010,0.000010,0.000010,0.982472
OFR_06,OFR,0.000010,0.000010,0.000010,0.000010,0.000010,0.000010,0.999940
OFR_07,OFR,0.027775,0.000010,0.000010,0.000010,0.000010,0.000010,0.972175
OFR_08,OFR,0.000010,0.000010,0.000344,0.000010,0.000010,0.000010,0.999606
OFR_09,OFR,0.000010,0.000017,0.000010,0.000010,0.000010,0.000010,0.999933
OFR_10,OFR,0.014124,0.000010,0.049886,0.000010,0.000010,0.000010,0.935950
OFR_11,OFR,0.005496,0.000010,0.000010,0.000010,0.000010,0.000010,0.994454
OFR_12,OFR,0.000010,0.000010,0.000010,0.000010,0.000010,0.000010,0.999940
OFR_13,OFR,0.000013,0.000010,0.000010,0.000010,0.000010,0.000010,0.999937
OFR_14,OFR,0.013853,0.000010,0.014989,0.000013,0.000010,0.000010,0.971115
OFR_15,OFR,0.000010,0.000010,0.000010,0.000010,0.000010,0.000010,0.999940
OUT_10,OUT,0.000833,0.000011,0.000010,0.000010,0.000010,0.000010,0.999116
OUT_11,OUT,0.000010,0.000010,0.000010,0.000010,0.999940,0.000010,0.000010
OUT_12,OUT,0.000018,0.000011,0.000012,0.510591,0.000010,0.000010,0.489349
OUT_14,OUT,0.000010,0.000010,0.000010,0.000010,0.000010,0.000010,0.999940
OUT_15,OUT,0.000010,0.000010,0.000010,0.509228,0.000010,0.000010,0.490722
OUT_01,OUT,0.011403,0.000010,0.010332,0.000010,0.010366,0.000010,0.967869
OUT_02,OUT,0.000010,0.000010,0.000010,0.000017,0.000010,0.000010,0.999933
OUT_03,OUT,0.000013,0.000010,0.000010,0.000014,0.000010,0.000010,0.999933
OUT_04,OUT,0.000010,0.000010,0.000010,0.000010,0.000010,0.169660,0.830290
OUT_05,OUT,0.000011,0.000010,0.000017,0.000010,0.000010,0.000010,0.999932
OUT_06,OUT,0.000010,0.000010,0.000010,0.529756,0.000010,0.000010,0.470194
OUT_07,OUT,0.000010,0.000016,0.074160,0.000010,0.000010,0.000010,0.925784
OUT_08,OUT,0.000463,0.000010,0.065949,0.000012,0.000010,0.000010,0.933546
OUT_09,OUT,0.000010,0.000010,0.000010,0.502412,0.000010,0.000010,0.497538
RAD_10,RAD,0.000010,0.587050,0.000010,0.000010,0.000010,0.412900,0.000010
RAD_11,RAD,0.000010,0.618733,0.000010,0.000010,0.000010,0.351890,0.029337
RAD_12,RAD,0.000010,0.531253,0.000010,0.000010,0.000010,0.399429,0.069278
RAD_13,RAD,0.000010,0.400388,0.000010,0.000010,0.000010,0.335833,0.263739
RAD_14,RAD,0.000010,0.470165,0.000010,0.000010,0.000010,0.246278,0.283517
RAD_01,RAD,0.000016,0.617582,0.000010,0.000010,0.000010,0.322224,0.060148
RAD_02,RAD,0.000010,0.640537,0.000010,0.000010,0.000010,0.359413,0.000010
RAD_03,RAD,0.000010,0.506678,0.000010,0.000010,0.000010,0.493272,0.000010
RAD_04,RAD,0.000010,0.595660,0.000010,0.000010,0.000010,0.361556,0.042745
RAD_05,RAD,0.000010,0.620910,0.000010,0.000010,0.000010,0.319270,0.059780
RAD_06,RAD,0.000010,0.585054,0.000010,0.000010,0.000010,0.383346,0.031560
RAD_07,RAD,0.000010,0.653032,0.000010,0.000010,0.000010,0.217662,0.129266
RAD_08,RAD,0.000017,0.643960,0.000010,0.000010,0.000010,0.223377,0.132617
RAD_09,RAD,0.000010,0.366242,0.000010,0.000012,0.000010,0.589596,0.044120
SKN_10,SKN,0.010487,0.000010,0.388355,0.000010,0.000010,0.000010,0.601118
SKN_11,SKN,0.000010,0.000010,0.000010,0.000010,0.000010,0.000010,0.999940
SKN_12,SKN,0.000010,0.000010,0.000010,0.000010,0.000010,0.000010,0.999940
SKN_13,SKN,0.014710,0.000010,0.000010,0.000010,0.000010,0.000010,0.985240
SKN_14,SKN,0.000010,0.000010,0.000010,0.000010,0.000010,0.000010,0.999940
SKN_15,SKN,0.000011,0.000010,0.000010,0.000011,0.000010,0.000010,0.999939
SKN_01,SKN,0.011715,0.000010,0.083843,0.000010,0.000010,0.000010,0.904401
SKN_02,SKN,0.000010,0.000010,0.110382,0.000010,0.000010,0.000010,0.889568
SKN_03,SKN,0.000013,0.000010,0.000010,0.000010,0.000010,0.000010,0.999937
SKN_05,SKN,0.000015,0.000010,0.000010,0.000018,0.000010,0.000010,0.999927
SKN_06,SKN,0.000010,0.000010,0.000013,0.000010,0.000010,0.000010,0.999937
SKN_07,SKN,0.000010,0.000010,0.000019,0.000010,0.000010,0.000010,0.999931
SKN_08,SKN,0.000010,0.000010,0.000010,0.000012,0.000010,0.000010,0.999938
SKN_09,SKN,0.001447,0.000010,0.056380,0.000011,0.000010,0.000010,0.942132
SLC_01,SLC,0.000012,0.015770,0.000010,0.000013,0.000010,0.984175,0.000010
SLC_02,SLC,0.000014,0.000020,0.000010,0.000010,0.000011,0.999926,0.000010
SLC_03,SLC,0.000010,0.000010,0.000010,0.000010,0.000010,0.999940,0.000010
SLC_04,SLC,0.000010,0.000016,0.000016,0.000015,0.000010,0.999923,0.000010
SLC_05,SLC,0.000010,0.000010,0.000010,0.000010,0.000010,0.999940,0.000010
SLC_06,SLC,0.000010,0.006722,0.000013,0.000010,0.000010,0.886439,0.106796
SLC_07,SLC,0.000012,0.000321,0.000010,0.000010,0.000010,0.999626,0.000010
SLC_08,SLC,0.000010,0.000010,0.000010,0.000010,0.000010,0.999940,0.000010
SLC_09,SLC,0.000011,0.000010,0.000010,0.000010,0.000010,0.999939,0.000010
SLC_10,SLC,0.000010,0.000013,0.000010,0.000010,0.000010,0.999937,0.000010
SLC_11,SLC,0.000014,0.000012,0.000010,0.000010,0.000010,0.999934,0.000010
SLC_12,SLC,0.000010,0.000010,0.000010,0.000010,0.000010,0.999940,0.000010
SLC_13,SLC,0.000010,0.000016,0.000010,0.000010,0.000010,0.999934,0.000010
SLC_14,SLC,0.000014,0.000010,0.000016,0.000010,0.000010,0.999930,0.000010
SLC_15,SLC,0.000012,0.000010,0.000010,0.000015,0.000010,0.999933,0.000010
SSR_01,SSR,0.999940,0.000010,0.000010,0.000010,0.000010,0.000010,0.000010
SSR_02,SSR,0.999939,0.000010,0.000010,0.000011,0.000010,0.000010,0.000010
SSR_03,SSR,0.999940,0.000010,0.000010,0.000010,0.000010,0.000010,0.000010
SSR_04,SSR,0.999940,0.000010,0.000010,0.000010,0.000010,0.000010,0.000010
SSR_05,SSR,0.999940,0.000010,0.000010,0.000010,0.000010,0.000010,0.000010
SSR_06,SSR,0.999940,0.000010,0.000010,0.000010,0.000010,0.000010,0.000010
SSR_07,SSR,0.000012,0.000010,0.000010,0.000010,0.000010,0.999938,0.000010
SSR_08,SSR,0.000010,0.000010,0.000010,0.000010,0.000010,0.295877,0.704073
SSR_10,SSR,0.000010,0.000010,0.000308,0.000010,0.000010,0.370092,0.629560
SSR_11,SSR,0.000015,0.000010,0.000010,0.000010,0.000010,0.345240,0.654705
SSR_12,SSR,0.000010,0.000019,0.000018,0.000010,0.000010,0.999924,0.000010
SSR_13,SSR,0.000010,0.000010,0.000010,0.000010,0.000010,0.626819,0.373131
SSR_14,SSR,0.999940,0.000010,0.000010,0.000010,0.000010,0.000010,0.000010
SSR_15,SSR,0.999940,0.000010,0.000010,0.000010,0.000010,0.000010,0.000010
SSR_16,SSR,0.999938,0.000010,0.000010,0.000010,0.000010,0.000012,0.000010
SSR_17,SSR,0.999940,0.000010,0.000010,0.000010,0.000010,0.000010,0.000010
TIM_01,TIM,0.000010,0.016464,0.000010,0.000010,0.000010,0.792543,0.190953
TIM_03,TIM,0.000010,0.010374,0.000010,0.000010,0.000010,0.822690,0.166896
TIM_04,TIM,0.000010,0.001314,0.000018,0.000010,0.000010,0.978060,0.020578
TIM_05,TIM,0.000010,0.023771,0.000010,0.000010,0.000010,0.755833,0.220356
TIM_06,TIM,0.000010,0.000019,0.000010,0.000010,0.000010,0.813543,0.186398
TIM_07,TIM,0.000010,0.007095,0.000010,0.000010,0.000010,0.755990,0.236875
TIM_08,TIM,0.000010,0.030948,0.000010,0.000010,0.000010,0.798956,0.170056
TIM_09,TIM,0.000010,0.016514,0.000010,0.000012,0.000010,0.765844,0.217601
TIM_10,TIM,0.000010,0.007592,0.000010,0.000010,0.000010,0.946036,0.046332
TIM_11,TIM,0.000011,0.000010,0.000010,0.000011,0.000010,0.849622,0.150326
TIM_12,TIM,0.000010,0.011043,0.000010,0.000010,0.000010,0.886673,0.102243
TIM_13,TIM,0.000010,0.073711,0.000010,0.000010,0.000010,0.753751,0.172498
TIM_14,TIM,0.000010,0.011642,0.000010,0.000010,0.000010,0.692054,0.296263
TIM_15,TIM,0.000010,0.016417,0.000010,0.000016,0.000010,0.833990,0.149547
TUR_10,TUR,0.000010,0.000010,0.017686,0.000010,0.000010,0.000010,0.982264
TUR_12,TUR,0.000011,0.000010,0.000010,0.000012,0.000010,0.000010,0.999938
TUR_13,TUR,0.000010,0.000010,0.000012,0.000010,0.000010,0.000010,0.999938
TUR_15,TUR,0.000017,0.000010,0.000010,0.000010,0.000010,0.000010,0.999933
TUR_01,TUR,0.000010,0.000010,0.000010,0.000010,0.000010,0.000010,0.999940
TUR_02,TUR,0.018601,0.000010,0.479772,0.000010,0.000010,0.000010,0.501587
TUR_03,TUR,0.000010,0.000010,0.000010,0.000017,0.000010,0.000010,0.999933
TUR_04,TUR,0.000015,0.000014,0.000010,0.000010,0.000010,0.000010,0.999931
TUR_05,TUR,0.000012,0.000010,0.000010,0.000010,0.000010,0.000010,0.999938
TUR_06,TUR,0.000013,0.000015,0.000010,0.000010,0.000010,0.000010,0.999932
TUR_07,TUR,0.000010,0.000010,0.044721,0.000010,0.000010,0.000010,0.955229
TUR_08,TUR,0.000010,0.000010,0.000010,0.000010,0.000010,0.000010,0.999940
TUR_09,TUR,0.000011,0.000010,0.029517,0.000010,0.000010,0.000010,0.970432
UMI_10,UMI,0.000010,0.612144,0.000010,0.000010,0.000010,0.298871,0.088945
UMI_12,UMI,0.000014,0.625198,0.000010,0.000010,0.000010,0.334411,0.040348
UMI_03,UMI,0.000010,0.665127,0.000012,0.000010,0.000010,0.202051,0.132780
UMI_04,UMI,0.000010,0.710528,0.000010,0.000010,0.000010,0.286661,0.002771
USDA10_02,USDA10,0.000010,0.000010,0.000010,0.000010,0.000010,0.999940,0.000010
USDA10_03,USDA10,0.000011,0.000010,0.000010,0.000010,0.000010,0.706876,0.293073
USDA10_05,USDA10,0.000010,0.000010,0.000010,0.000016,0.000010,0.999933,0.000010
USDA10_07,USDA10,0.000010,0.000018,0.000010,0.000013,0.000010,0.627510,0.372429
USDA10_08,USDA10,0.000011,0.000010,0.000010,0.000012,0.000010,0.368549,0.631398
USDA10_10,USDA10,0.000010,0.000010,0.000010,0.000010,0.000010,0.999940,0.000010
USDA11_02,USDA11,0.000012,0.000010,0.000010,0.000010,0.000010,0.999938,0.000010
USDA12_10,USDA12,0.000010,0.000010,0.000010,0.000010,0.000010,0.613436,0.386514
USDA12_02,USDA12,0.000010,0.013612,0.000018,0.000011,0.000010,0.986329,0.000010
USDA12_03,USDA12,0.999936,0.000010,0.000014,0.000010,0.000010,0.000010,0.000010
USDA12_04,USDA12,0.999940,0.000010,0.000010,0.000010,0.000010,0.000010,0.000010
USDA12_06,USDA12,0.999939,0.000011,0.000010,0.000010,0.000010,0.000010,0.000010
USDA12_07,USDA12,0.404472,0.000010,0.000010,0.000010,0.000010,0.595478,0.000010
USDA12_09,USDA12,0.000010,0.000010,0.000010,0.000016,0.000010,0.999934,0.000010
USDA13_01,USDA13,0.000010,0.000010,0.000010,0.000012,0.000010,0.999938,0.000010
USDA13_04,USDA13,0.000010,0.000010,0.000010,0.000010,0.000010,0.999940,0.000010
USDA13_05,USDA13,0.000010,0.000010,0.000010,0.000010,0.000010,0.837062,0.162888
USDA13_06,USDA13,0.000010,0.006807,0.008282,0.000010,0.000010,0.731385,0.253497
USDA13_08,USDA13,0.000010,0.000010,0.000295,0.000010,0.000010,0.731063,0.268602
USDA14_02,USDA14,0.000010,0.004277,0.000010,0.000010,0.000010,0.953413,0.042271
USDA14_08,USDA14,0.000010,0.000010,0.000010,0.000012,0.000012,0.999936,0.000010
USDA14_09,USDA14,0.000010,0.000010,0.000010,0.000010,0.000010,0.999940,0.000010
USDA15_04,USDA15,0.000010,0.000010,0.000010,0.000012,0.000010,0.636715,0.363233
USDA15_05,USDA15,0.000010,0.011554,0.000010,0.000010,0.000010,0.988396,0.000010
USDA15_06,USDA15,0.000010,0.000010,0.000010,0.000010,0.000010,0.999940,0.000010
USDA15_07,USDA15,0.000010,0.000010,0.000010,0.000010,0.000010,0.634500,0.365450
USDA15_09,USDA15,0.000010,0.000010,0.000010,0.000010,0.000010,0.952927,0.047023
USDA16_01,USDA16,0.000010,0.000010,0.000010,0.000010,0.000010,0.999940,0.000010
USDA16_02,USDA16,0.000010,0.000010,0.000010,0.000012,0.000010,0.757562,0.242386
USDA16_05,USDA16,0.000010,0.000010,0.000010,0.000012,0.000010,0.638120,0.361828
USDA16_08,USDA16,0.000010,0.000010,0.000010,0.000010,0.000010,0.999940,0.000010
USDA17_10,USDA17,0.000010,0.000010,0.000010,0.000010,0.000010,0.999940,0.000010
USDA17_01,USDA17,0.000010,0.000010,0.000010,0.000010,0.000010,0.999940,0.000010
USDA17_04,USDA17,0.000012,0.000013,0.000010,0.000010,0.000010,0.999935,0.000010
USDA17_05,USDA17,0.000010,0.000010,0.000010,0.000010,0.000010,0.999940,0.000010
USDA17_06,USDA17,0.000010,0.000010,0.000010,0.000010,0.000010,0.999940,0.000010
USDA17_07,USDA17,0.000010,0.000010,0.000010,0.000015,0.000010,0.999935,0.000010
USDA17_09,USDA17,0.000010,0.000010,0.000010,0.000010,0.000010,0.999940,0.000010
USDA18_10,USDA18,0.976937,0.000010,0.023002,0.000017,0.000010,0.000014,0.000010
USDA18_01,USDA18,0.000010,0.000010,0.000010,0.000010,0.000010,0.891111,0.108839
USDA18_04,USDA18,0.000010,0.000010,0.000010,0.000010,0.000010,0.418492,0.581458
USDA18_05,USDA18,0.000018,0.043658,0.000011,0.000010,0.000010,0.615189,0.341105
USDA18_06,USDA18,0.000011,0.000010,0.000010,0.000010,0.000010,0.431400,0.568549
USDA18_08,USDA18,0.000010,0.000010,0.000010,0.000010,0.000010,0.999940,0.000010
USDA18_09,USDA18,0.000012,0.000010,0.000010,0.000010,0.000010,0.999938,0.000010
USDA19_02,USDA19,0.000010,0.000010,0.000010,0.000010,0.000010,0.458038,0.541912
USDA19_04,USDA19,0.000010,0.000010,0.000010,0.000013,0.000010,0.999937,0.000010
USDA19_06,USDA19,0.000010,0.000010,0.000010,0.000010,0.000010,0.999940,0.000010
USDA1_04,USDA1,0.000010,0.000010,0.000012,0.000010,0.000010,0.999938,0.000010
USDA1_05,USDA1,0.000010,0.000010,0.000010,0.000010,0.000010,0.657762,0.342188
USDA1_08,USDA1,0.000010,0.000011,0.000011,0.000014,0.000010,0.736357,0.263587
USDA1_10,USDA1,0.000011,0.000010,0.000014,0.000013,0.000010,0.388921,0.611021
USDA20_06,USDA20,0.000010,0.000010,0.000010,0.000011,0.000010,0.999939,0.000010
USDA21_01,USDA21,0.000010,0.000010,0.000013,0.000010,0.000010,0.999937,0.000010
USDA21_02,USDA21,0.000010,0.000010,0.000010,0.000010,0.000010,0.999940,0.000010
USDA21_05,USDA21,0.000010,0.000010,0.000010,0.000010,0.000010,0.999940,0.000010
USDA21_07,USDA21,0.000010,0.000010,0.000010,0.000010,0.000010,0.999940,0.000010
USDA2_10,USDA2,0.000010,0.000010,0.000010,0.000010,0.000010,0.723286,0.276664
USDA2_01,USDA2,0.000010,0.000010,0.000013,0.000010,0.000010,0.431030,0.568917
USDA2_04,USDA2,0.000010,0.000010,0.000010,0.000010,0.012764,0.424333,0.562862
USDA2_05,USDA2,0.000010,0.000018,0.000010,0.000010,0.000010,0.387674,0.612268
USDA2_06,USDA2,0.000010,0.025690,0.000010,0.000010,0.000010,0.646534,0.327735
USDA2_07,USDA2,0.000013,0.000010,0.000010,0.000014,0.000010,0.999933,0.000010
USDA2_09,USDA2,0.000010,0.000010,0.000010,0.000010,0.000010,0.750018,0.249932
USDA3_02,USDA3,0.000010,0.000010,0.000010,0.000010,0.000010,0.999940,0.000010
USDA3_07,USDA3,0.000010,0.000010,0.000010,0.000010,0.000010,0.477485,0.522465
USDA3_09,USDA3,0.000010,0.004986,0.000010,0.000010,0.000010,0.455769,0.539205
USDA4_01,USDA4,0.000010,0.000010,0.000010,0.000015,0.000010,0.398846,0.601099
USDA4_04,USDA4,0.000010,0.000010,0.000017,0.000010,0.000010,0.336779,0.663164
USDA4_05,USDA4,0.000010,0.000010,0.000010,0.000010,0.000010,0.397450,0.602500
USDA4_06,USDA4,0.000010,0.000011,0.000013,0.000010,0.000010,0.393233,0.606713
USDA4_07,USDA4,0.000010,0.000010,0.000010,0.000011,0.000010,0.999939,0.000010
USDA5_10,USDA5,0.000010,0.000010,0.000010,0.000010,0.000010,0.701744,0.298206
USDA5_01,USDA5,0.000011,0.000010,0.000012,0.000010,0.000010,0.999937,0.000010
USDA5_03,USDA5,0.000010,0.007571,0.000010,0.000010,0.000010,0.486685,0.505704
USDA5_05,USDA5,0.000010,0.000010,0.000010,0.000010,0.000010,0.999940,0.000010
USDA5_08,USDA5,0.000015,0.000010,0.000010,0.000014,0.000010,0.999931,0.000010
USDA6_07,USDA6,0.000010,0.000010,0.000010,0.000010,0.000010,0.999940,0.000010
USDA6_08,USDA6,0.000010,0.000010,0.000010,0.000010,0.000010,0.732743,0.267207
USDA7_10,USDA7,0.000012,0.000010,0.000010,0.000010,0.000010,0.999938,0.000010
USDA7_07,USDA7,0.000020,0.000010,0.000010,0.000010,0.000010,0.999930,0.000010
USDA7_08,USDA7,0.000010,0.000010,0.000010,0.000014,0.000010,0.660557,0.339389
USDA7_09,USDA7,0.000010,0.000010,0.000010,0.000010,0.000010,0.999940,0.000010
USDA8_10,USDA8,0.000010,0.000010,0.000016,0.000010,0.000010,0.742141,0.257803
USDA8_04,USDA8,0.000010,0.000011,0.000194,0.000012,0.000010,0.721218,0.278545
USDA8_09,USDA8,0.000010,0.000010,0.000010,0.000010,0.000010,0.999940,0.000010
USDA9_10,USDA9,0.000010,0.000010,0.000010,0.000010,0.005546,0.729977,0.264437
USDA9_02,USDA9,0.000010,0.000012,0.000010,0.000017,0.000010,0.999931,0.000010
USDA9_03,USDA9,0.000010,0.003745,0.000010,0.000010,0.000010,0.341004,0.655211
USDA9_05,USDA9,0.000010,0.000012,0.000010,0.000013,0.000010,0.648610,0.351335
USDA9_07,USDA9,0.000010,0.000010,0.000010,0.000010,0.000010,0.999940,0.000010
USDA14_10,USDA14,0.000010,0.000010,0.000015,0.000013,0.000010,0.999932,0.000010
USDA16_07,USDA16,0.000010,0.014648,0.000010,0.000010,0.000010,0.631104,0.354208
VER_01,VER,0.106951,0.000010,0.414160,0.200669,0.000010,0.278190,0.000010
VER_03,VER,0.000010,0.008780,0.000015,0.000015,0.000010,0.991159,0.000010
VER_04,VER,0.000010,0.017051,0.000010,0.000010,0.000010,0.982899,0.000010
VER_06,VER,0.000012,0.008836,0.000010,0.000015,0.000010,0.991107,0.000010
WLK_10,WLK,0.000010,0.000010,0.973327,0.000010,0.000010,0.000010,0.026623
WLK_11,WLK,0.000010,0.000010,0.191849,0.000010,0.000010,0.000010,0.808101
WLK_12,WLK,0.000010,0.000010,0.979341,0.000010,0.000010,0.000010,0.020609
WLK_13,WLK,0.000010,0.000010,0.999940,0.000010,0.000010,0.000010,0.000010
WLK_14,WLK,0.000010,0.000010,0.999940,0.000010,0.000010,0.000010,0.000010
WLK_15,WLK,0.000010,0.000010,0.999940,0.000010,0.000010,0.000010,0.000010
WLK_01,WLK,0.000010,0.000010,0.916075,0.000010,0.000010,0.000010,0.083875
WLK_03,WLK,0.000010,0.000010,0.999940,0.000010,0.000010,0.000010,0.000010
WLK_05,WLK,0.000010,0.000010,0.999940,0.000010,0.000010,0.000010,0.000010
WLK_06,WLK,0.000010,0.000010,0.999940,0.000010,0.000010,0.000010,0.000010
WLK_07,WLK,0.000010,0.000010,0.999940,0.000010,0.000010,0.000010,0.000010
WLK_08,WLK,0.000010,0.000010,0.999940,0.000010,0.000010,0.000010,0.000010
WLK_09,WLK,0.066394,0.000011,0.933550,0.000010,0.000014,0.000010,0.000010
WTR_02,WTR,0.000010,0.000010,0.000010,0.000012,0.000010,0.411654,0.588294
WTR_03,WTR,0.000010,0.000010,0.000015,0.000010,0.000010,0.403543,0.596402
WTR_04,WTR,0.000010,0.007966,0.000010,0.000010,0.000010,0.333509,0.658486
WTR_05,WTR,0.000011,0.000010,0.000010,0.000010,0.000010,0.582387,0.417562
WTR_06,WTR,0.000010,0.000010,0.000010,0.000010,0.000010,0.303562,0.696388
WTR_07,WTR,0.000012,0.000014,0.000010,0.000010,0.000010,0.601877,0.398068
WTR_08,WTR,0.000012,0.002832,0.000010,0.000010,0.000010,0.415976,0.581151
WTR_09,WTR,0.000010,0.000010,0.000015,0.000010,0.000010,0.419495,0.580450
WTR_10,WTR,0.000010,0.000013,0.000010,0.000010,0.000010,0.290191,0.709756
WTR_12,WTR,0.000011,0.034341,0.000010,0.000010,0.000010,0.394947,0.570671
WTR_14,WTR,0.000010,0.000010,0.000010,0.000010,0.000010,0.345486,0.654464
WTR_15,WTR,0.000010,0.000010,0.000010,0.000010,0.000010,0.347343,0.652607
